image: map.pgm
resolution: 0.050000
origin: [-4.772198, -3.500000, 0.0]
negate: 0
occupied_thresh: 0.65
free_thresh: 0.196
